           pbar          thbar           qvbar    U   V
  101480.000000     297.444324      0.014735820  0.0 0.0
  101057.750000     297.444324      0.014735820  0.0 0.0
  100206.171875     297.444489      0.014576260  0.0 0.0
   99281.718750     297.459544      0.014510087  0.0 0.0
   98230.429688     297.492334      0.014374472  0.0 0.0
   97044.664062     297.579833      0.014076706  0.0 0.0
   95674.015625     297.907716      0.013122799  0.0 0.0
   94082.101562     298.472915      0.011987643  0.0 0.0
   92204.210938     299.216079      0.010942839  0.0 0.0
   89909.718750     300.156908      0.009922624  0.0 0.0
   87154.414062     301.329199      0.008869176  0.0 0.0
   83838.031250     302.788176      0.007747705  0.0 0.0
   80074.296875     304.510456      0.006634893  0.0 0.0
   75912.015625     306.410154      0.005632226  0.0 0.0
   71536.257812     308.411030      0.004702275  0.0 0.0
   67324.476562     310.465089      0.003861675  0.0 0.0
   63314.382812     312.513533      0.003282618  0.0 0.0
   59498.582031     314.391919      0.002834399  0.0 0.0
   55869.875000     316.396928      0.002265154  0.0 0.0
   52421.238281     318.504167      0.001779754  0.0 0.0
   49145.835938     320.567270      0.001399828  0.0 0.0
   46037.007812     322.502863      0.001094640  0.0 0.0
   43088.261719     324.270788      0.000854038  0.0 0.0
   40293.289062     325.855058      0.000673200  0.0 0.0
   37645.953125     327.257167      0.000540596  0.0 0.0
   35140.273438     328.499804      0.000446532  0.0 0.0
   32770.449219     329.644200      0.000374766  0.0 0.0
   30530.832031     330.842784      0.000305178  0.0 0.0
   28415.941406     332.304188      0.000230304  0.0 0.0
   26420.451172     334.109907      0.000164704  0.0 0.0
   24539.195312     336.240486      0.000117223  0.0 0.0
   22767.158203     338.734090      0.000085254  0.0 0.0
   21099.476562     341.644261      0.000064399  0.0 0.0
   19531.437500     345.009582      0.000050245  0.0 0.0
   18058.468750     348.857953      0.000040235  0.0 0.0
   16676.152344     353.189009      0.000032824  0.0 0.0
   15380.200195     357.977623      0.000027091  0.0 0.0
   14166.471680     363.175275      0.000022529  0.0 0.0
   13030.960938     368.723752      0.000018869  0.0 0.0
   11978.217773     374.603813      0.000015988  0.0 0.0
   11010.524414     380.813314      0.000013772  0.0 0.0
   10121.009766     387.359059      0.000012071  0.0 0.0
    9303.355469     394.263400      0.000010781  0.0 0.0
    8551.758789     401.623105      0.000009878  0.0 0.0
    7860.881836     409.552263      0.000009327  0.0 0.0
    7225.818848     418.257470      0.000008921  0.0 0.0
    6642.061523     427.902963      0.000008487  0.0 0.0
    6105.464355     438.486614      0.000008061  0.0 0.0
    5612.217773     449.965738      0.000007635  0.0 0.0
    5158.819336     462.278470      0.000007211  0.0 0.0
    4742.049805     475.371248      0.000006790  0.0 0.0
    4358.950195     489.190498      0.000006373  0.0 0.0
    4006.800781     503.689928      0.000005962  0.0 0.0
    3683.100342     518.843505      0.000005560  0.0 0.0
    3385.551025     534.597760      0.000005168  0.0 0.0
    3112.040039     550.905516      0.000004788  0.0 0.0
    2860.625244     567.727428      0.000004420  0.0 0.0
    2629.521973     585.023269      0.000004067  0.0 0.0
    2417.088867     602.726790      0.000003730  0.0 0.0
    2221.817627     620.785083      0.000003409  0.0 0.0
    2042.322021     639.170791      0.000003106  0.0 0.0
    1877.327515     657.874901      0.000002820  0.0 0.0
    1725.662476     676.893005      0.000002552  0.0 0.0
    1586.250122     696.127211      0.000002303  0.0 0.0
    1458.100464     715.496933      0.000002074  0.0 0.0
    1340.303833     735.260870      0.000001862  0.0 0.0
    1232.023804     755.161408      0.000001670  0.0 0.0
    1132.491333     774.910732      0.000001497  0.0 0.0
    1041.000000     794.502083      0.000001344  0.0 0.0
     956.899902     813.712604      0.000001209  0.0 0.0
     879.594116     832.246267      0.000001094  0.0 0.0
     808.533691     849.652248      0.000000998  0.0 0.0
     743.214111     865.566789      0.000000919  0.0 0.0
     683.171509     880.316232      0.000000852  0.0 0.0
     627.979614     896.720609      0.000000780  0.0 0.0
